0

591
595
594
596
598
600
600
602
603
605
607
606
609
607
610
610
610
611
611
611
613
612
611
612
614
613
0
0
280
283
300
297
290
297
302
308
308
638
406
412
423
430
431
438
443
446
449
454
457
459
454
465
462
467
465
471
474
476
477
479
479
482
484
486
485
489
489
491
489
492
493
495
493
497
497
498
498
500
502
503
503
502
505
504
505
505
501
511
505
509
511
507
509
509
506
515
512
508
514
509
509
515
514
510
514
514
513
514
513
514
514
521
518
514
515
517
523
517
517
518
514
521
519
519
518
520
521
520
521
519
523
521
522
520
523
523
523
523
524
523
522
523
525
525
525
527
526
521
525
526
525
528
530
529
529
530
524
527
526
536
529
531
531
528
530
528
529
528
527
532
534
532
527
527
530
533
528
531
531
529
470
469
471
471
475
493
497
506
513
513
515
514
512
514
513
514
515
515
518
522
518
520
518
521
521
519
512
512
520
520
514
520
517
517
518
516
518
517
517
514
518
517
524
517
519
516
519
517
519
522
487
290
254
252
301
321
325
229
401
386
295
95
88
102
112
134
149
161
148
154
183
179
191
198
209
217
229
254
263